10000
478
298
419
587
357
886
2
279
111
615
570
683
248
683
19
366
332
157
878
350
977
521
611
188
412
225
420
195
702
252
925
246
115
221
357
136
984
262
269
957
778
985
694
683
893
399
868
117
454
997
7
239
423
127
346
461
42
182
704
129
913
917
411
760
44
747
900
166
901
963
274
733
222
231
956
647
292
499
953
293
228
764
524
228
264
91
813
404
722
965
348
491
217
875
739
181
348
735
140
82
868
124
402
667
519
325
182
925
285
732
836
125
525
30
195
943
276
666
647
947
543
667
260
842
296
771
124
848
25
584
825
305
580
477
925
191
293
85
47
303
606
25
568
206
654
994
775
62
708
804
685
968
820
554
343
425
172
845
294
496
389
749
926
527
676
62
944
999
242
584
450
503
938
368
989
206
68
703
286
566
947
362
99
159
838
766
114
544
850
441
285
553
530
956
971
623
801
657
881
69
771
843
44
868
519
388
882
199
39
336
620
445
715
226
779
793
740
271
55
663
315
281
606
112
628
423
97
525
241
365
853
34
606
809
941
131
327
203
968
525
788
138
739
555
584
454
726
307
545
540
416
248
9
511
205
319
184
198
322
434
484
388
201
731
468
596
370
314
194
140
814
218
869
662
9
54
501
622
293
316
989
777
333
947
192
743
277
731
122
632
589
34
89
36
888
832
383
241
507
468
778
409
132
460
201
666
799
841
732
633
610
889
77
615
693
142
754
181
794
486
14
760
64
398
999
754
128
768
377
762
664
676
906
426
910
533
726
812
718
606
428
147
712
1
475
3
146
501
520
301
844
277
246
665
847
229
202
479
114
631
998
853
206
425
615
930
172
859
642
984
406
488
123
563
259
712
971
721
521
835
927
396
314
66
549
35
304
810
471
743
477
131
135
586
556
919
723
729
189
585
154
347
835
521
764
771
589
507
279
320
320
755
976
731
627
750
677
691
207
101
824
70
476
7
924
374
396
534
916
307
334
670
475
48
490
103
55
396
324
6
663
943
568
609
703
211
331
682
838
738
609
105
758
898
166
972
655
40
935
572
556
693
661
24
35
423
961
817
271
854
531
866
519
280
922
596
244
587
140
198
472
728
547
183
921
194
294
246
864
870
74
480
839
756
39
952
898
488
236
94
440
0
381
115
752
891
681
666
311
993
247
772
351
891
730
464
804
468
330
28
46
589
949
834
225
356
432
130
180
691
896
619
244
220
721
807
260
651
475
726
48
501
972
491
90
294
424
559
815
563
289
830
775
509
293
21
351
944
129
505
766
656
0
871
607
793
915
765
648
389
103
103
61
571
807
29
668
432
121
40
214
536
355
898
902
485
442
515
479
816
964
622
733
711
46
133
753
815
325
707
982
794
174
285
530
908
830
282
189
941
783
626
89
238
162
558
619
877
893
452
177
994
80
150
171
430
834
427
400
874
62
673
416
526
463
978
535
640
790
16
420
367
820
792
335
521
584
614
773
930
354
956
639
257
719
586
15
93
936
830
663
423
343
499
389
281
288
273
297
206
624
14
858
158
584
936
57
182
728
534
767
77
174
714
663
650
38
55
473
10
230
574
158
216
248
401
482
477
206
987
779
726
491
854
281
397
214
783
325
44
405
593
784
987
756
523
964
876
670
670
8
376
317
241
73
489
571
540
433
375
445
843
17
124
84
216
820
520
123
697
33
167
428
100
90
947
261
733
553
491
573
497
12
774
77
744
159
627
454
929
995
900
6
884
698
105
768
437
467
852
550
755
125
720
176
921
230
485
783
584
236
964
734
473
589
864
279
867
327
953
579
304
723
475
97
37
196
534
116
911
607
927
988
656
102
529
286
901
919
717
31
250
85
605
283
458
525
905
147
207
120
853
102
826
949
765
363
871
968
191
258
43
487
87
917
82
824
45
970
291
360
634
866
876
725
62
812
397
88
476
416
377
230
411
65
765
631
794
529
900
578
949
453
730
447
846
658
112
925
767
521
629
30
106
778
699
494
703
48
309
709
684
197
332
196
1
344
482
632
331
30
547
959
560
196
201
739
901
425
198
389
445
867
243
629
277
528
651
545
251
602
819
413
502
884
837
994
792
311
868
794
914
305
513
232
670
894
667
764
901
676
799
32
272
913
962
14
459
247
281
969
689
699
505
633
856
553
718
171
788
173
171
681
108
142
987
963
946
698
943
663
334
908
47
704
685
283
729
692
445
250
799
481
486
304
520
372
662
419
959
223
242
819
679
673
757
345
324
118
361
879
800
295
191
348
199
104
496
842
477
954
337
767
613
552
195
799
870
403
970
86
305
850
10
441
263
929
402
924
854
233
270
576
378
575
71
408
841
418
475
255
411
486
201
992
989
380
371
373
410
734
853
69
379
30
924
923
665
608
476
568
45
789
290
242
103
529
636
87
418
962
599
992
319
955
273
977
369
674
832
672
339
286
485
152
908
630
248
606
440
814
641
273
800
459
992
660
890
995
385
132
669
884
651
631
775
433
98
281
610
511
478
635
609
198
962
604
6
482
935
793
915
995
719
410
848
254
600
369
995
663
723
735
380
304
117
796
127
531
906
260
168
792
659
551
817
162
273
666
114
807
602
792
725
376
964
28
965
949
606
374
679
597
583
591
458
38
573
171
774
139
714
84
669
137
261
614
407
866
570
759
505
904
301
710
388
637
4
543
373
491
355
68
449
727
249
683
661
909
362
556
169
896
459
130
416
249
891
479
513
272
953
269
272
137
570
559
331
339
91
453
308
660
509
820
625
165
973
980
613
937
317
575
33
473
210
306
330
550
915
721
442
945
253
678
468
996
521
752
491
608
48
72
358
242
757
17
439
28
318
912
409
381
328
536
336
141
738
239
476
649
898
720
884
785
998
943
362
174
542
29
850
739
483
813
477
3
308
983
657
147
209
20
71
406
343
487
325
554
367
58
321
812
345
501
880
306
627
161
691
628
161
712
299
32
923
274
771
794
689
542
695
442
428
183
380
887
525
254
370
69
23
353
315
534
263
227
584
936
617
321
614
707
461
909
499
170
688
264
763
616
918
59
889
103
895
567
829
875
33
96
936
445
268
398
149
353
282
876
517
143
511
863
530
195
928
692
576
722
687
365
465
885
651
596
435
296
55
124
219
809
802
464
253
595
935
127
391
999
125
529
748
793
412
966
301
815
934
772
922
217
967
208
742
976
161
101
384
978
101
106
586
489
272
388
871
921
110
438
115
468
148
825
243
295
689
502
778
32
645
526
217
262
730
354
24
766
512
888
550
627
714
546
103
563
255
388
25
606
183
402
55
283
634
426
898
563
882
70
56
963
122
865
233
774
395
820
504
20
396
602
165
467
944
449
782
145
396
928
253
673
461
555
120
129
904
181
326
719
414
552
92
416
722
569
18
701
326
848
20
740
954
722
228
269
881
651
815
520
16
38
540
427
876
828
890
302
874
645
397
757
515
587
428
280
585
998
658
118
172
270
124
537
102
308
874
818
613
324
874
54
639
62
315
494
7
958
29
776
80
111
357
121
332
970
990
645
197
815
248
400
4
603
768
178
552
209
377
370
652
729
39
491
82
823
433
939
110
815
952
856
40
593
510
142
260
890
663
645
936
489
810
564
906
874
664
564
65
936
685
365
316
528
676
862
583
626
486
790
34
623
946
250
330
84
121
553
691
862
417
963
30
805
902
54
845
622
895
91
67
829
457
873
841
426
547
536
360
175
669
799
702
609
664
691
127
183
587
432
18
627
169
677
353
458
848
963
160
834
773
753
779
890
828
634
62
912
700
344
704
958
619
46
427
752
176
119
603
258
687
969
372
804
429
597
389
888
836
46
71
625
210
542
478
300
592
575
723
356
797
601
857
111
187
746
511
524
434
489
964
458
509
269
955
787
94
596
886
265
35
532
265
694
950
780
687
525
26
81
5
481
126
545
124
843
419
196
972
442
419
42
579
556
270
474
420
215
49
974
324
847
465
521
298
677
673
462
888
618
162
39
944
704
292
820
182
820
801
483
113
241
478
73
96
487
45
873
135
8
49
489
290
182
411
608
877
110
356
569
455
238
490
413
303
298
983
896
996
177
429
783
130
236
201
930
102
304
675
294
58
224
847
15
323
698
904
772
215
181
986
115
581
764
26
149
71
558
453
387
774
562
931
897
3
608
995
777
420
309
341
162
405
841
555
118
108
291
706
798
921
329
993
442
96
99
179
423
401
497
82
7
757
933
496
724
470
260
281
900
135
306
204
799
763
549
963
120
20
81
444
146
142
109
864
866
779
129
627
303
774
83
552
424
909
264
603
3
635
899
44
20
619
228
450
564
230
913
842
255
150
445
794
28
386
830
884
577
773
465
920
436
358
802
404
662
82
30
150
461
354
764
845
375
171
157
123
116
331
825
467
792
224
79
337
18
316
80
230
248
623
492
686
851
303
576
254
172
134
815
653
651
991
610
671
305
40
135
896
114
828
190
578
859
662
519
535
468
208
862
862
371
301
885
137
808
765
311
561
553
845
945
905
156
750
585
974
529
83
379
698
361
184
326
162
660
779
797
824
303
939
888
58
61
650
869
461
743
140
490
172
921
777
980
281
578
190
229
329
558
137
963
501
229
169
252
211
679
275
178
363
954
812
647
405
189
374
362
357
841
848
368
707
885
774
437
586
28
54
774
592
954
713
106
455
859
628
256
393
782
385
946
474
16
403
777
756
903
387
76
597
379
45
253
803
284
816
278
22
113
244
940
274
927
130
744
608
272
884
44
667
789
127
183
705
660
957
331
776
863
383
763
606
201
745
579
513
493
816
908
27
179
599
405
545
527
880
64
857
700
752
939
395
44
426
7
522
937
52
665
154
621
100
362
380
146
789
864
522
877
638
427
47
346
447
405
826
651
211
955
975
147
805
838
323
82
476
332
703
796
488
53
493
271
583
749
683
152
847
170
981
446
428
684
723
264
344
477
167
549
601
659
674
227
525
733
513
468
148
474
479
44
225
808
260
721
104
470
666
169
530
333
928
853
807
516
979
658
496
488
943
8
366
634
932
789
897
467
835
899
21
275
712
497
368
384
306
7
92
580
22
544
752
232
409
867
480
940
173
494
645
440
294
204
384
901
714
626
679
379
842
457
726
413
571
778
835
945
453
768
780
773
81
971
136
877
284
873
302
198
558
28
987
759
362
277
726
835
665
286
641
310
138
863
934
891
168
195
801
519
793
395
423
543
175
54
222
811
433
845
755
819
944
692
777
554
789
404
249
38
546
496
186
339
236
782
247
641
955
931
963
327
619
550
462
189
491
862
735
949
240
184
274
890
178
738
640
46
213
965
913
133
257
283
677
930
694
718
515
433
813
933
761
56
971
221
158
682
20
18
115
858
675
915
381
575
76
644
930
392
510
385
922
529
851
562
162
160
973
698
86
872
11
498
266
339
11
782
161
476
585
895
715
422
756
679
335
663
3
698
169
371
18
644
118
416
673
212
367
957
712
283
318
533
539
994
244
933
212
476
760
402
278
736
771
624
401
415
716
137
121
138
499
762
746
575
951
381
402
644
564
808
635
873
857
366
871
73
351
364
355
498
314
193
610
818
565
946
773
599
978
611
316
918
621
696
807
933
854
967
451
743
772
104
800
556
254
215
710
345
9
802
635
417
551
279
300
925
203
401
120
728
808
412
861
197
149
252
713
273
100
859
370
551
689
935
840
803
70
821
85
919
331
981
95
417
799
841
822
493
425
414
515
147
129
277
80
538
950
825
822
786
294
457
897
763
91
214
44
532
855
375
351
308
102
810
101
98
420
800
36
128
119
520
273
888
617
755
130
865
233
626
893
39
185
61
782
146
549
521
128
579
90
148
415
485
941
706
770
688
240
855
605
876
720
617
308
841
6
83
495
397
881
87
575
918
351
213
332
158
876
934
707
696
944
2
191
13
506
54
297
612
643
772
116
663
4
45
624
19
606
462
818
991
929
975
604
708
205
21
839
226
498
398
930
896
603
4
4
59
700
126
525
296
526
139
100
211
978
437
312
541
566
319
101
951
631
381
662
217
475
490
631
30
501
153
127
215
29
672
71
435
555
26
426
386
888
230
589
916
149
104
137
990
745
577
91
479
921
161
690
992
73
850
59
782
623
407
724
257
293
758
538
440
940
961
565
368
646
209
899
624
783
158
573
983
278
168
590
757
812
122
92
146
215
40
594
435
728
557
257
43
482
405
52
116
507
449
179
21
1
179
774
552
536
183
545
329
295
480
253
482
790
397
167
451
147
723
156
577
84
97
727
23
72
898
40
211
740
172
827
681
318
708
986
88
283
184
24
697
573
830
151
5
253
968
249
715
985
578
702
731
408
72
277
54
9
457
95
877
637
535
370
489
573
883
555
931
653
26
267
9
299
788
220
931
361
112
379
102
863
658
535
343
798
191
535
980
710
902
856
142
708
673
102
852
584
253
616
749
786
909
224
914
236
938
740
107
502
710
550
304
577
590
715
805
944
778
24
41
964
59
658
426
745
195
545
148
846
910
330
322
331
308
406
472
628
788
685
894
999
893
587
328
247
830
586
586
849
634
324
786
179
931
680
476
129
808
300
859
656
980
501
344
163
306
421
503
34
193
211
694
858
537
523
892
8
887
821
948
953
152
855
535
58
601
748
961
76
103
723
92
636
782
369
404
942
596
384
799
126
705
632
159
421
153
372
723
15
902
966
178
957
479
289
261
464
688
869
491
558
491
80
931
262
446
944
239
327
150
591
439
674
962
512
967
91
156
830
225
644
107
24
68
978
530
190
918
762
428
739
665
244
326
886
505
387
955
685
763
935
527
998
42
301
326
193
844
151
496
791
708
659
497
343
357
622
288
807
303
518
956
374
791
311
731
949
856
327
839
464
886
800
419
48
914
826
265
239
664
73
12
274
65
388
286
933
342
543
22
812
927
166
45
824
411
82
738
775
955
92
924
125
202
258
845
711
328
118
68
487
987
667
705
534
877
503
976
204
886
665
111
72
700
614
699
937
950
433
726
723
819
252
748
610
486
269
724
176
641
242
269
180
791
131
341
431
457
952
939
198
6
143
893
277
39
706
162
84
179
677
797
358
399
484
860
427
973
616
265
338
198
327
246
944
894
294
358
247
31
923
496
410
342
79
266
885
403
73
314
512
45
259
247
113
490
191
970
321
49
313
50
467
158
922
19
102
325
86
525
123
920
251
812
709
5
720
165
664
126
538
101
838
858
115
831
473
915
555
909
974
588
961
24
81
616
985
454
501
574
974
414
307
721
161
295
783
381
181
835
489
355
414
236
469
724
121
996
181
523
821
596
350
589
89
991
868
915
876
690
308
391
270
94
175
437
120
123
489
185
351
57
388
380
238
225
1
78
854
877
340
794
761
767
729
602
692
536
8
655
726
533
12
120
438
690
286
284
648
121
286
677
320
449
680
115
774
70
301
492
95
661
180
868
225
418
933
779
913
570
70
428
297
65
925
397
717
262
519
189
442
141
631
375
366
79
268
539
289
659
73
699
366
814
289
660
825
513
257
578
303
134
411
630
239
216
256
43
194
336
611
599
854
276
552
704
150
704
242
647
785
984
328
70
395
206
349
51
548
846
75
594
244
609
8
808
857
510
440
928
797
216
862
415
786
714
370
119
607
64
610
376
675
548
402
218
663
931
621
436
270
954
147
589
440
742
819
641
497
860
812
223
133
752
597
228
3
65
944
769
318
308
0
578
893
685
866
763
201
32
991
240
0
622
160
196
383
862
338
976
458
304
895
179
54
725
480
720
145
100
371
726
907
943
257
370
105
329
890
349
924
243
604
788
925
37
449
93
357
553
583
410
195
322
11
34
526
196
128
417
461
651
329
431
949
952
352
318
24
195
403
187
163
286
417
673
813
347
278
401
799
838
187
309
721
878
379
802
553
647
111
517
141
426
201
418
553
927
752
542
928
611
257
938
312
58
274
309
298
420
60
389
116
377
738
105
9
280
230
750
506
400
32
405
122
804
790
743
310
141
167
295
777
925
385
865
560
106
443
215
186
480
514
790
479
680
993
872
877
477
908
598
150
82
79
620
129
701
511
102
112
1
190
327
215
406
742
225
683
121
967
862
857
485
133
458
953
956
572
792
552
494
382
964
346
898
954
796
494
947
55
888
913
313
97
132
76
32
684
481
153
697
104
853
512
720
715
737
350
750
947
116
85
703
208
179
8
617
254
304
57
718
15
472
952
935
779
500
868
718
572
851
446
131
232
889
458
889
808
629
453
113
859
597
557
838
778
791
300
334
669
434
780
679
513
717
186
757
683
428
572
316
556
635
704
616
671
381
496
998
924
783
67
661
949
352
723
681
5
555
817
881
603
910
910
361
783
693
45
711
627
658
522
306
316
273
685
168
466
774
891
506
981
397
726
225
473
392
119
486
239
104
464
699
490
842
754
57
993
502
892
682
201
46
994
596
645
515
848
745
116
524
349
748
148
312
715
996
171
939
148
697
490
187
818
266
577
476
532
230
711
234
588
80
215
285
294
516
457
43
993
951
51
752
986
775
832
734
602
891
846
923
889
130
814
763
516
550
966
773
529
423
431
159
821
121
21
424
530
334
856
742
126
545
918
245
656
937
13
640
992
515
308
471
790
50
722
830
662
350
273
321
247
966
404
416
560
295
74
129
45
627
98
954
325
122
163
664
864
944
2
981
918
116
976
684
9
304
639
316
966
256
339
631
380
538
808
138
174
659
297
276
438
167
548
393
912
3
825
286
78
814
874
934
640
528
210
377
534
807
701
214
673
698
700
874
375
499
666
885
756
972
194
978
583
582
175
996
353
547
264
668
507
850
933
854
577
676
38
716
205
117
97
924
712
904
128
643
691
173
235
615
655
911
175
786
484
568
370
68
415
792
905
108
34
677
516
290
513
394
285
785
423
213
736
546
521
973
396
520
293
718
93
706
909
274
582
878
930
770
599
692
378
56
308
385
353
96
331
223
687
316
423
56
728
934
343
17
194
660
704
717
663
396
889
60
549
280
167
21
215
48
713
194
338
670
588
805
858
149
940
785
61
183
851
777
269
137
687
553
642
650
619
952
897
283
950
225
217
800
307
875
502
77
269
41
478
755
456
944
833
976
555
276
797
343
489
826
222
776
935
839
822
449
935
797
148
309
542
588
731
196
320
636
875
55
699
943
444
395
396
883
211
666
762
819
323
377
939
992
552
979
842
364
122
198
754
403
894
970
389
300
291
993
286
533
100
478
436
463
409
533
610
608
521
808
843
207
26
48
579
522
772
413
419
647
537
203
421
856
856
664
983
825
900
419
534
550
619
449
837
111
524
640
731
452
85
566
977
36
546
997
942
574
507
783
919
757
223
348
485
849
204
675
56
142
543
365
299
741
869
774
779
394
842
975
188
903
641
913
776
63
740
196
934
40
912
377
773
790
294
966
449
839
834
437
944
831
863
39
489
528
968
191
566
648
225
196
68
520
337
596
221
104
893
954
807
594
783
846
357
832
382
43
641
557
448
352
217
557
97
552
878
509
138
377
220
632
119
861
334
177
958
922
156
26
677
707
332
99
257
154
620
779
815
503
518
447
46
164
484
618
593
161
497
815
209
451
912
775
550
674
432
536
877
365
687
36
978
895
948
933
92
547
902
703
522
923
861
132
545
650
621
214
993
590
147
672
211
312
263
661
104
636
733
397
950
340
490
565
564
57
607
451
186
788
866
968
752
407
255
535
337
675
182
39
287
262
630
816
5
829
616
375
455
458
790
710
479
335
825
425
926
68
86
660
658
103
389
433
753
887
148
680
920
890
789
895
796
917
981
62
508
387
567
594
837
280
947
585
930
592
711
304
870
368
349
588
375
792
562
593
705
635
368
352
639
459
353
407
74
914
878
573
742
156
270
308
400
628
677
231
725
560
630
177
830
297
295
341
133
583
922
417
770
802
633
120
78
32
981
596
605
384
783
57
91
873
628
431
944
407
303
796
798
465
648
555
603
534
167
890
777
66
275
345
869
782
391
763
73
829
530
983
138
701
371
226
680
290
265
462
588
67
900
872
865
147
447
682
790
57
195
836
528
781
249
891
990
142
498
359
231
193
152
494
538
464
642
211
92
97
834
707
914
496
601
492
969
439
857
515
702
156
929
815
235
643
674
208
775
668
128
126
615
421
782
465
505
15
614
233
997
92
389
908
796
288
481
595
502
940
630
483
833
408
463
254
355
300
326
29
699
570
402
442
919
498
180
703
146
765
584
26
314
453
942
884
798
322
947
901
249
744
625
994
308
261
408
693
871
690
183
174
758
400
195
24
531
495
164
613
673
481
718
707
743
920
768
763
588
101
565
632
918
977
16
780
784
926
30
58
507
345
737
869
103
921
679
216
778
159
171
265
657
728
703
536
450
956
938
880
18
703
193
493
940
514
796
462
104
782
75
742
38
183
792
463
65
45
998
39
844
744
375
131
715
313
419
813
794
408
201
873
454
930
60
87
461
850
848
507
569
501
402
379
651
557
782
812
302
104
616
904
324
767
540
546
469
154
153
957
326
964
126
993
505
860
419
405
93
957
340
995
232
768
695
775
764
540
799
691
687
828
94
250
141
241
840
671
4
386
157
259
648
634
492
823
655
152
350
350
202
91
523
387
626
766
59
774
186
543
498
57
662
665
626
4
459
484
697
293
210
573
671
876
74
638
656
172
920
920
88
53
160
175
134
114
135
784
34
712
662
240
837
558
852
223
719
63
185
362
165
11
450
66
320
561
138
259
291
978
154
601
614
236
530
317
206
709
782
426
126
423
909
615
272
259
295
272
881
379
25
448
666
447
811
864
229
516
62
494
75
799
240
162
731
526
202
670
811
263
711
322
383
915
823
227
506
539
390
578
834
884
121
837
820
100
715
508
798
452
52
382
505
150
987
34
516
200
886
59
853
679
556
432
169
823
647
910
865
301
388
344
639
424
629
297
615
651
366
507
92
397
112
902
457
505
449
473
319
753
982
822
721
387
314
507
61
126
68
439
544
594
20
677
920
973
36
54
697
494
951
48
231
958
647
952
773
246
694
969
450
837
780
707
582
442
247
16
985
206
744
132
902
264
298
72
947
203
822
52
679
652
584
661
342
120
207
723
483
525
269
722
893
997
708
37
907
503
304
215
249
841
290
74
140
558
455
678
51
83
981
254
425
868
898
488
466
186
388
256
251
118
214
7
996
639
926
773
886
739
309
144
52
979
999
498
724
512
820
556
65
937
616
852
703
257
67
30
711
141
290
203
983
41
477
790
208
682
146
436
17
975
422
563
308
754
294
483
351
389
920
286
174
605
58
263
937
574
12
162
786
481
501
851
324
87
932
381
806
989
728
996
669
722
857
193
355
637
22
767
778
217
738
197
299
352
224
682
223
950
886
383
495
992
101
127
637
727
56
193
958
264
242
426
740
204
137
486
593
489
400
874
62
969
566
878
953
308
973
670
421
582
44
465
567
886
944
404
943
209
203
348
317
473
534
574
268
810
178
308
240
160
238
3
215
486
103
581
975
948
718
318
784
865
574
991
300
214
284
259
140
493
606
402
908
33
491
962
673
219
750
396
417
979
331
294
417
945
458
573
875
163
14
53
925
772
648
344
793
137
842
14
24
404
504
196
190
896
280
503
664
983
671
870
948
845
168
998
59
124
432
674
636
243
890
642
131
525
291
541
681
488
833
968
553
152
621
947
297
227
132
633
444
529
140
989
66
925
644
244
817
209
182
469
129
64
224
739
962
285
871
679
371
867
6
98
420
284
391
623
769
391
724
749
817
587
699
878
462
247
655
229
206
100
381
951
451
393
941
448
46
271
448
373
599
498
748
841
68
501
566
324
348
938
528
35
92
678
728
142
688
18
68
713
222
681
349
372
619
509
227
282
123
352
682
350
881
362
436
459
257
56
735
981
382
646
834
82
66
306
547
95
422
275
190
221
942
502
564
893
95
472
432
866
155
298
966
838
70
149
125
481
111
344
206
636
686
415
996
471
714
479
221
106
600
343
947
896
464
25
274
699
90
828
759
918
882
630
97
397
664
207
670
748
760
350
126
880
177
615
204
708
462
376
851
94
470
115
107
601
964
988
35
871
302
303
411
443
419
365
430
63
340
504
780
214
722
900
995
302
711
244
146
732
2
118
983
457
154
17
113
730
639
223
616
365
853
758
697
206
976
550
690
272
747
572
316
952
423
109
631
557
864
719
346
190
485
482
170
189
102
990
174
596
124
934
886
988
54
679
918
223
345
0
423
91
695
799
191
471
255
30
867
42
827
423
8
354
741
273
724
702
644
779
179
364
231
265
3
226
964
724
47
782
175
786
90
836
403
734
637
656
671
846
258
864
618
544
33
241
832
847
576
93
116
343
423
610
990
275
90
909
7
68
791
968
320
578
320
297
319
734
864
284
462
686
45
13
800
367
76
956
581
768
817
211
509
489
797
512
95
676
200
193
443
606
461
771
942
572
829
425
565
906
661
221
414
320
216
353
269
895
322
376
73
622
627
462
104
230
579
352
947
310
137
398
796
831
925
280
356
754
260
715
547
198
19
495
392
171
780
985
66
852
26
938
185
347
249
288
176
686
498
508
623
753
284
715
478
776
930
506
353
189
764
130
436
278
839
634
582
590
352
79
519
451
881
419
27
569
598
153
690
80
691
386
824
103
41
722
321
586
63
125
594
859
90
583
168
419
459
234
229
951
204
4
76
184
133
597
819
736
855
729
309
841
741
885
415
523
550
801
398
193
784
321
932
239
350
114
301
217
406
98
196
777
511
524
689
716
13
781
590
78
779
975
533
656
670
64
927
206
281
809
938
361
438
367
7
160
992
838
164
576
411
897
888
345
618
872
996
889
427
229
840
625
450
134
636
559
103
12
653
581
477
185
383
500
403
332
726
48
675
649
942
170
558
418
34
356
983
674
884
416
23
790
283
600
234
806
635
152
714
968
503
180
574
625
484
238
438
345
591
443
661
512
298
777
120
171
517
700
569
15
756
646
43
385
485
439
64
692
866
242
836
273
594
155
821
66
229
498
697
524
780
469
10
335
639
987
252
799
48
468
885
929
532
234
196
639
384
856
161
491
926
945
804
500
974
729
263
900
759
159
254
734
946
615
833
660
463
464
721
714
229
756
830
409
186
982
97
282
632
160
664
176
290
612
692
815
191
663
380
993
159
353
212
458
787
492
586
304
446
888
912
598
644
88
980
862
196
626
54
930
711
143
610
473
900
279
861
493
551
239
590
500
505
220
2
861
628
440
676
402
52
253
204
80
731
473
884
567
431
155
627
553
27
578
583
859
529
509
349
473
601
544
221
851
430
939
0
490
477
405
906
387
977
505
131
151
105
11
495
814
400
887
99
748
162
466
241
183
835
190
294
603
139
794
461
157
865
522
214
689
387
69
933
987
881
741
84
910
512
126
146
648
779
958
375
362
972
812
857
857
413
444
160
308
263
759
101
886
354
891
610
453
698
999
537
628
448
31
24
431
761
821
124
676
844
909
408
267
525
757
816
194
971
396
10
72
32
758
571
771
97
192
195
593
653
301
496
93
101
410
268
607
395
298
365
234
156
783
536
267
68
236
679
280
734
205
743
464
391
459
199
55
584
576
485
558
449
795
792
268
898
877
889
20
225
840
268
249
216
774
727
919
456
442
822
802
155
186
675
251
783
639
531
492
252
830
333
630
96
850
939
772
242
35
405
602
679
410
662
364
970
304
985
534
305
214
225
312
307
566
15
904
321
722
212
550
209
145
339
753
39
996
718
6
937
752
419
349
785
380
154
9
397
970
618
662
276
280
400
103
837
10
896
323
580
680
757
370
867
874
856
899
808
980
657
965
889
254
543
98
559
389
449
299
545
951
348
474
334
123
792
142
457
605
939
272
244
198
901
905
604
846
487
606
713
593
425
807
682
302
627
664
988
356
307
720
68
711
69
120
884
28
701
970
46
29
0
526
837
475
258
310
993
597
491
892
165
725
403
461
774
565
711
594
777
567
112
527
755
902
753
827
898
94
619
971
610
840
483
93
338
209
66
943
231
929
942
278
182
646
857
485
483
634
470
99
103
851
14
238
832
218
262
637
153
708
154
47
813
239
139
506
434
38
477
780
580
223
706
776
408
518
921
55
966
423
948
740
70
235
67
967
730
686
79
413
756
592
769
713
597
572
455
477
595
209
110
241
364
876
254
202
27
372
656
308
741
60
777
389
200
737
979
881
712
464
951
764
154
442
960
596
695
312
662
346
595
479
946
42
474
651
107
326
682
331
588
139
414
339
280
106
40
362
208
9
995
431
672
704
355
469
296
474
828
96
0
16
883
200
149
57
917
46
213
632
123
280
442
934
181
923
44
713
823
697
461
539
992
364
598
540
166
319
625
384
556
309
871
915
713
174
555
753
887
709
329
102
516
700
500
415
852
324
357
325
45
200
521
578
321
913
271
693
334
458
297
687
941
876
937
539
209
600
481
265
384
914
984
427
78
744
797
442
330
355
590
188
490
965
667
137
718
822
445
797
689
746
755
8
276
434
39
984
423
138
624
261
158
991
353
980
771
910
987
648
613
26
7
23
95
163
746
348
726
879
123
185
924
669
898
255
723
839
397
748
162
290
755
126
240
581
486
351
173
992
925
413
977
266
312
101
570
909
223
267
470
678
847
975
403
207
36
895
461
15
303
136
950
498
842
257
483
689
192
907
567
561
830
231
527
579
900
858
170
821
546
660
970
935
692
34
852
116
574
230
839
507
117
353
246
22
151
836
304
475
852
601
352
204
326
504
330
685
588
759
612
664
920
39
921
700
351
103
899
136
554
672
451
216
988
831
324
128
533
660
575
435
686
754
483
574
307
42
15
255
272
736
736
664
456
199
782
208
63
958
91
701
181
876
13
822
401
764
804
340
867
651
863
172
885
278
719
268
335
967
574
126
548
695
489
531
867
726
888
935
471
496
311
933
828
854
134
792
944
787
218
681
617
128
904
379
720
901
431
689
182
966
960
772
876
137
158
955
614
882
451
291
817
591
211
853
580
584
19
882
732
501
997
724
73
104
620
5
104
133
603
948
424
900
646
198
951
999
900
408
110
313
979
57
960
974
192
366
388
693
926
549
610
34
935
385
82
295
105
278
317
764
350
204
16
90
889
820
63
181
797
17
106
803
155
569
453
529
500
844
522
880
942
395
276
959
97
851
547
494
506
171
473
563
567
555
970
110
312
930
154
179
973
682
660
384
349
438
185
406
513
265
319
539
187
422
57
32
33
457
120
520
129
986
724
234
857
298
21
345
982
844
30
576
964
246
457
505
190
235
823
78
331
888
884
268
18
164
993
780
552
854
629
801
951
528
596
273
293
77
730
250
481
27
283
318
802
641
901
198
0
467
453
150
187
299
896
640
781
561
762
965
107
164
484
13
763
132
411
280
690
817
870
334
942
643
647
456
729
147
783
532
192
902
200
666
398
131
936
909
943
875
466
954
550
298
15
316
730
626
182
834
869
309
542
651
92
952
605
542
56
673
137
474
715
445
83
547
568
311
445
66
88
867
697
870
303
798
119
133
526
388
550
946
271
611
488
594
449
361
528
444
429
679
264
465
131
942
950
730
659
694
779
30
251
223
981
993
191
777
101
84
303
862
155
774
911
126
834
978
767
801
215
935
864
378
838
725
337
383
176
176
941
539
492
404
885
286
958
658
406
681
71
127
410
345
353
549
437
640
13
347
245
24
371
255
116
661
346
389
550
257
39
607
849
183
158
172
340
833
718
458
570
432
125
183
634
26
404
575
23
549
169
921
879
419
515
859
834
77
206
177
108
664
406
978
911
905
72
270
358
105
446
404
996
473
500
126
364
639
938
752
99
365
16
732
541
956
720
331
935
388
489
411
588
878
166
341
132
855
869
203
21
865
800
609
406
209
916
617
534
900
304
834
208
32
752
215
346
681
593
541
736
964
508
89
303
521
732
353
919
637
373
298
489
737
348
913
769
501
503
755
630
945
4
619
960
283
82
232
710
169
511
555
87
344
956
462
123
883
399
372
77
771
75
492
690
811
587
958
399
414
279
15
369
446
122
839
735
930
714
66
619
794
103
949
487
68
198
81
582
163
955
757
980
313
709
233
307
522
401
153
499
975
808
628
990
709
722
273
64
948
558
425
587
85
646
791
442
987
760
659
741
998
848
72
30
856
588
592
995
347
246
584
655
717
139
611
167
224
329
163
313
756
390
510
550
11
95
462
276
154
827
907
717
150
940
416
851
936
626
145
641
802
869
708
363
801
27
37
652
735
466
97
332
595
953
864
63
682
169
388
703
892
137
729
122
395
922
924
82
511
918
515
779
427
805
263
160
330
294
323
479
566
270
325
694
599
816
90
932
364
341
89
193
70
571
839
654
858
605
466
244
76
424
458
420
922
951
311
162
63
310
488
937
204
687
968
564
327
808
209
560
377
861
42
401
510
750
748
526
13
871
353
493
236
660
934
705
71
991
86
878
539
592
514
433
959
164
979
819
153
193
434
292
941
723
146
471
294
384
209
703
852
366
829
519
173
959
999
580
765
218
606
239
176
647
160
172
918
250
6
26
42
215
385
684
114
927
56
756
829
767
907
817
103
22
637
358
967
422
462
595
187
594
196
601
481
328
404
72
450
782
178
471
600
412
940
179
655
872
87
598
274
807
397
167
861
913
25
760
495
878
646
81
596
70
352
840
978
175
936
38
826
400
183
240
454
285
331
884
100
821
636
672
515
971
398
677
408
553
197
383
309
778
91
799
838
808
316
706
678
863
225
706
812
920
598
155
628
568
776
853
94
615
536
457
930
214
247
279
868
11
995
25
870
816
198
183
809
51
447
968
639
216
328
734
112
851
238
495
23
270
954
282
848
69
42
154
369
642
300
445
261
927
371
535
301
300
474
924
298
698
46
147
734
962
972
577
986
44
8
805
264
509
488
227
746
309
225
116
465
24
235
352
663
943
552
171
589
395
463
485
855
185
301
948
339
153
860
630
201
657
519
449
822
862
603
788
508
563
45
519
471
596
173
779
592
33
646
957
144
603
69
719
196
22
441
100
884
375
975
741
268
22
181
555
307
639
10
932
117
154
791
898
220
304
667
880
884
425
17
451
902
738
348
997
938
793
842
539
415
659
80
641
566
846
41
422
36
327
605
713
581
850
606
245
392
195
617
403
634
368
769
853
168
732
375
280
442
398
257
425
857
526
937
422
346
151
95
619
599
802
329
966
915
364
198
166
28
185
516
625
862
548
939
190
939
978
852
450
773
364
649
669
715
748
114
564
687
239
196
76
184
882
197
798
997
291
209
93
138
905
280
643
226
672
801
132
917
489
901
236
433
195
586
203
283
644
451
641
13
432
270
369
387
98
586
269
305
971
797
831
689
101
715
111
4
607
605
118
866
750
201
515
355
371
871
983
614
808
424
175
668
773
631
286
65
512
9
96
636
965
633
261
21
635
380
523
269
995
731
155
78
158
850
697
967
902
24
812
936
394
432
579
439
49
804
203
344
259
750
548
996
436
28
585
609
88
72
739
964
389
492
594
213
33
796
194
294
403
314
705
729
564
877
26
268
914
927
552
975
696
351
309
559
430
6
510
177
260
161
265
67
112
698
772
341
370
513
314
915
890
662
512
518
510
632
191
21
466
536
648
4
862
812
798
707
549
615
517
900
862
625
526
606
225
364
223
404
322
793
33
404
49
120
466
392
608
890
232
287
683
125
181
84
864
509
613
829
806
203
262
728
555
682
279
863
941
393
261
265
644
755
374
118
352
880
851
967
358
95
41
234
815
111
646
730
247
984
475
930
529
281
179
126
899
756
553
845
254
229
510
139
519
903
684
991
321
23
5
692
903
366
927
726
610
333
16
604
161
289
940
800
520
153
876
104
574
48
408
646
243
245
770
334
716
448
803
846
572
941
493
663
334
861
544
775
516
544
836
531
744
764
198
73
511
404
208
500
259
475
265
16
154
292
637
937
534
126
976
427
696
292
583
884
294
171
247
406
528
483
11
536
549
948
534
983
985
165
689
302
481
758
580
627
998
597
203
59
884
281
455
468
364
364
673
6
864
875
750
799
899
459
774
363
595
420
130
570
28
31
975
449
444
215
384
415
169
799
317
51
34
199
518
877
205
456
543
577
840
458
296
286
202
752
586
659
182
653
425
21
548
471
352
987
685
360
739
699
15
953
874
824
154
204
213
660
553
182
763
791
556
29
482
109
312
822
890
882
25
489
755
948
352
136
336
514
584
890
663
732
422
778
627
264
306
633
420
824
684
938
204
624
647
888
113
241
988
289
261
979
504
2
424
987
901
983
717
908
903
307
123
586
914
29
764
164
82
200
539
177
617
131
800
993
859
746
184
370
801
346
864
721
512
670
387
331
517
774
71
278
497
961
304
568
219
501
281
698
538
747
45
800
962
732
274
341
513
415
102
10
782
339
109
914
616
5
965
112
573
395
358
737
964
744
604
213
78
885
255
877
710
458
269
736
702
170
785
242
874
665
527
393
449
602
352
862
101
936
945
569
622
220
120
192
722
892
495
614
674
786
464
101
452
657
982
797
251
230
753
121
934
835
876
70
442
684
806
436
478
914
884
162
203
328
443
224
102
511
924
918
266
321
14
746
57
678
370
195
352
324
133
906
488
664
560
213
766
585
964
125
110
919
713
783
685
790
491
341
660
88
740
616
647
128
807
268
271
569
440
388
878
677
234
138
323
209
762
342
254
165
50
137
414
922
326
475
412
383
656
424
89
693
842
833
141
406
137
4
791
411
362
111
906
309
355
697
937
753
783
595
31
239
598
398
398
929
926
167
876
921
539
896
890
199
57
701
298
349
114
448
524
861
841
220
596
328
781
737
320
605
127
383
940
302
698
306
473
173
727
132
193
618
440
290
767
713
995
119
75
500
620
915
284
893
616
483
370
952
446
56
744
45
867
789
102
875
969
313
127
858
60
74
239
841
886
971
146
936
645
530
912
447
720
132
289
719
87
485
332
522
991
141
835
34
53
841
248
521
953
189
663
700
121
959
870
898
806
88
651
618
28
404
844
652
522
278
611
24
31
933
487
49
238
543
800
480
375
450
534
445
692
490
558
345
151
535
911
744
491
687
194
797
860
344
761
87
674
83
337
908
68
302
512
696
198
634
18
786
442
976
620
569
595
893
1
661
462
352
785
919
731
246
886
575
483
850
295
250
442
771
838
616
764
827
843
271
680
400
657
959
188
637
654
475
471
523
154
606
390
857
981
4
475
203
390
976
764
534
760
872
983
116
986
960
35
166
982
107
520
95
608
69
113
990
107
898
367
583
701
603
574
784
71
1
810
960
216
528
449
782
199
7
906
151
819
990
600
943
371
337
335
214
931
374
611
30
634
958
781
244
374
791
682
532
44
506
455
568
783
601
317
722
747
418
90
167
817
832
200
676
94
528
940
487
159
258
660
29
26
639
399
592
973
30
151
578
362
687
972
211
317
564
952
823
12
43
922
272
752
209
369
277
590
479
270
200
284
807
988
753
685
111
235
964
540
182
973
220
43
255
74
115
173
76
362
478
5
813
992
809
404
643
345
876
348
24
774
710
983
726
813
181
555
740
329
472
997
584
357
561
190
959
766
219
203
793
139
722
425
479
423
446
745
852
425
984
754
547
345
14
683
987
368
795
181
250
527
836
21
665
486
35
833
861
773
189
835
356
598
324
449
713
588
42
214
623
848
207
132
625
518
903
306
194
92
803
448
812
903
374
387
954
909
637
281
204
751
772
330
342
606
715
750
212
635
473
337
453
822
397
811
587
366
831
829
92
286
877
824
667
691
756
220
841
289
765
770
135
100
581
497
930
442
165
465
346
363
26
193
683
529
659
647
554
746
406
188
557
739
276
942
230
107
364
527
558
24
939
359
791
671
526
821
370
782
692
874
808
10
442
686
471
458
661
74
884
223
921
688
76
124
797
950
460
606
60
982
811
807
729
276
373
123
622
427
841
81
33
861
177
175
563
368
459
631
982
70
84
34
705
842
355
392
41
715
315
488
867
940
19
236
91
303
712
874
586
752
900
215
653
847
892
506
462
87
410
170
379
841
769
880
909
377
208
761
229
529
369
505
413
493
238
20
382
822
154
827
981
289
748
410
241
98
282
418
553
405
52
952
48
721
162
359
757
866
3
561
688
955
511
707
623
480
250
941
504
267
719
265
55
78
610
127
838
378
540
388
569
354
498
198
408
70
347
606
144
226
986
892
251
738
255
729
719
390
951
331
193
544
419
696
828
183
134
771
349
503
778
213
507
397
819
321
79
131
331
138
239
411
354
5
140
510
456
208
698
859
104
586
236
937
983
426
765
293
342
560
900
741
948
991
23
420
820
449
595
495
791
242
741
336
933
404
179
264
389
190
324
331
977
772
735
747
582
245
691
839
993
187
37
188
68
884
342
818
115
152
866
455
690
200
292
645
46
120
123
9
854
311
124
404
173
173
303
331
895
77
620
108
452
538
841
397
625
787
606
411
885
524
78
312
769
539
611
87
46
568
362
63
815
934
514
869
895
923
132
924
230
301
347
716
902
474
251
259
981
578
438
984
466
911
661
401
649
481
201
845
705
600
203
931
472
835
742
441
309
691
684
370
797
516
812
784
597
960
484
812
717
676
557
315
147
576
716
586
364
862
392
744
27
701
694
31
776
988
890
885
697
192
92
896
753
802
376
801
619
377
476
40
812
810
607
696
580
735
873
395
931
487
109
457
526
494
26
357
234
292
59
777
420
207
816
123
355
711
673
77
257
234
995
982
710
582
41
56
206
711
35
648
750
722
407
616
127
891
319
161
496
320
909
413
966
445
135
433
492
617
673
543
405
266
101
18
870
209
55
471
622
792
212
645
312
50
778
533
150
944
838
217
897
899
467
866
455
672
884
217
63
113
79
269
813
473
264
94
438
242
177
390
987
808
675
120
239
372
449
21
393
224
860
929
751
304
375
537
588
251
34
495
47
596
57
501
21
160
21
749
403
898
776
598
111
390
994
418
487
881
55
337
83
426
401
899
800
824
300
317
190
225
44
330
434
163
984
202
477
644
865
981
444
261
201
271
538
370
431
535
385
632
182
135
510
419
702
269
855
982
608
359
194
658
104
729
315
982
385
426
659
659
589
784
657
575
812
44
854
574
738
764
136
258
375
380
842
788
929
887
238
175
510
635
470
468
604
387
853
270
691
384
426
788
724
816
978
167
666
766
157
894
423
134
139
321
153
277
864
565
369
8
303
60
874
306
422
23
647
2
242
158
326
821
359
705
866
7
260
435
345
615
145
427
215
226
281
606
613
342
866
396
414
184
410
125
32
345
414
220
629
58
458
785
45
712
34
215
228
468
846
795
167
20
781
964
745
589
340
373
284
583
228
478
344
500
40
981
640
357
455
709
202
368
168
300
223
35
911
45
267
453
896
686
667
622
201
212
180
273
600
1
987
75
850
345
967
579
785
82
707
150
919
714
462
182
228
251
992
483
446
537
419
35
23
177
546
993
12
171
433
342
421
513
765
709
314
713
437
787
453
931
900
189
699
529
474
964
624
511
991
667
167
832
361
137
939
754
517
431
104
895
28
9
286
191
435
279
672
811
779
261
580
668
776
34
739
516
676
288
956
50
451
721
755
239
33
104
944
765
26
264
205
397
453
202
188
653
919
919
146
618
119
495
315
76
493
795
549
810
82
744
563
77
272
807
917
702
458
171
589
367
116
262
286
514
288
318
384
449
253
746
729
7
816
135
298
947
137
251
712
302
619
529
447
867
418
267
282
947
853
298
117
37
835
703
606
538
669
186
121
743
928
593
893
64
461
585
8
778
148
478
917
331
436
144
590
790
633
968
239
935
810
103
845
363
902
411
351
302
745
795
960
158
36
382
851
738
46
817
501
625
207
638
773
364
295
148
607
432
783
152
927
350
386
889
569
426
661
76
333
407
502
794
303
553
807
57
702
62
364
972
946
435
257
170
916
880
780
396
254
428
459
243
79
127
532
88
449
807
777
926
836
571
623
180
672
700
19
159
803
404
754
241
395
408
353
696
467
708
397
870
890
805
258
191
203
954
328
254
239
568
562
758
396
91
75
343
101
363
90
412
767
689
274
560
289
722
129
71
10
865
390
418
202
532
758
390
885
754
442
113
316
87
857
568
696
816
614
885
545
3
152
151
616
649
370
764
485
926
803
733
179
70
498
943
327
929
911
629
553
259
129
860
447
244
622
686
493
828
707
691
749
844
302
488
570
186
387
985
796
825
867
605
331
467
669
63
995
419
727
206
25
175
916
454
862
204
347
55
512
831
23
453
542
693
865
659
265
0
325
683
959
680
914
260
848
985
803
35
108
406
275
344
327
823
641
55
525
430
225
571
315
430
43
327
2
878
314
806
204
373
114
120
483
66
652
439
331
755
679
14
659
512
79
698
141
756
420
883
290
793
951
36
557
579
581
597
33
529
179
208
537
401
875
306
104
884
309
363
68
322
401
250
92
629
741
232
289
204
832
749
411
340
868
757
510
491
635
364
628
683
107
33
902
889
730
839
702
469