1000
158
943
841
780
437
839
216
938
404
160
195
90
959
403
72
925
249
30
424
981
406
825
838
293
559
968
468
0
934
130
320
396
931
960
795
518
578
776
919
498
209
75
881
10
801
368
725
11
713
916
229
871
852
390
386
141
942
21
663
801
179
361
416
209
620
519
860
350
386
161
207
882
636
855
361
829
890
891
65
596
719
410
622
178
904
423
710
543
27
462
831
928
877
598
128
643
466
627
629
577
722
436
461
908
938
169
454
972
75
659
550
564
123
126
745
578
879
683
454
431
354
42
525
764
54
142
959
692
572
362
797
163
804
522
882
946
138
765
389
199
340
733
954
970
111
794
658
52
347
38
776
778
891
589
118
511
677
267
279
966
304
597
824
785
64
172
881
923
629
856
276
238
506
739
770
638
399
452
797
337
484
126
321
264
341
324
727
473
125
643
885
669
553
452
344
846
940
879
771
780
952
785
672
713
644
890
916
585
647
237
288
391
907
206
664
140
276
591
186
970
844
930
791
129
341
300
441
766
823
430
165
464
514
275
838
730
27
540
891
903
391
772
474
360
345
206
189
783
213
714
654
600
159
860
12
765
973
197
957
20
584
181
365
728
295
219
704
196
104
906
719
140
904
986
298
760
514
693
821
151
929
108
620
577
723
215
238
547
348
275
177
647
126
851
134
557
135
490
489
406
818
847
667
691
656
522
254
689
481
284
693
608
20
533
246
333
902
186
249
721
400
136
807
671
881
621
454
90
66
182
319
126
194
545
168
95
552
776
462
232
637
683
575
997
643
865
593
383
377
791
753
302
755
935
158
264
263
532
437
464
961
72
376
681
85
411
290
823
560
261
889
422
65
480
764
404
34
624
721
556
194
606
420
726
624
223
659
941
578
38
946
331
6
452
87
539
160
667
562
160
274
986
670
745
613
937
713
822
438
256
655
498
999
677
299
228
591
370
897
274
505
972
656
939
188
548
210
41
394
967
508
19
780
941
919
35
418
848
411
658
935
898
193
418
909
582
92
686
302
673
455
286
302
845
158
853
980
342
522
859
456
70
727
343
934
596
856
220
962
702
52
408
39
534
368
229
627
110
65
437
830
365
836
89
295
683
276
460
304
859
342
655
801
19
881
808
745
857
519
95
28
272
770
384
76
235
7
720
240
371
690
977
462
777
885
687
509
5
372
101
10
471
790
508
634
767
698
572
795
829
878
788
684
316
195
505
232
628
150
600
32
240
87
219
6
576
478
379
721
2
547
323
400
253
675
731
160
8
310
679
759
682
79
500
552
831
968
600
342
115
978
921
637
84
771
693
530
814
59
942
515
383
489
12
787
903
659
888
934
268
599
869
758
809
40
930
807
918
198
790
992
840
54
282
870
527
385
121
514
387
687
169
264
424
933
889
351
406
42
60
610
834
414
371
324
485
441
943
335
709
569
525
521
510
583
136
848
327
504
865
545
43
487
577
591
11
64
903
786
932
964
915
373
673
786
312
341
758
33
306
717
626
248
573
501
210
591
392
637
660
652
462
658
754
842
358
57
59
544
681
354
723
957
776
669
818
766
432
954
150
130
40
963
63
988
342
997
25
546
288
177
413
177
951
599
991
516
870
372
276
448
815
303
334
971
113
343
902
137
619
214
835
557
879
137
347
408
549
563
856
203
540
585
968
829
918
139
263
133
134
608
639
370
762
415
554
224
662
156
996
695
25
620
698
311
98
477
505
797
426
598
47
63
461
515
642
266
94
160
625
480
696
602
45
582
738
713
633
206
317
206
4
871
636
414
111
733
249
148
783
751
464
950
619
539
521
293
335
295
802
453
471
266
784
24
149
668
467
778
273
77
287
985
650
313
415
618
173
776
260
520
267
409
142
404
59
342
360
777
899
486
571
852
979
242
488
641
785
813
887
823
313
72
533
180
667
974
696
525
770
491
769
61
882
722
947
946
777
78
990
346
514
419
969
267
523
13
881
247
960
789
308
376
217
526
334
945
838
419
6
841
515
36
831
741
23
811
428
635
463
810
920
453
888
561
734
450
457
805
475
125
692
517
505
103
424
134
160
769
324
566
158
447
161
420
853
304
469
702
880
207
237
20
433
579
301
480
30
310
370
259
813
229
318
515
844
534
325
130
158
485
520
851
185
138
960
756
544
386
818
775
847
353
680
796
797
23
651
363
685
136
252
304
923
745
114
599
452
45
151
483
546
174
637
47
473
12
156
708
182
179
118
81
685
961
774
910
578
203
222
127
201
155
299
904
302
856
266
657
468